clock_gettime: 0.655314478164958
clock_gettime: 1.19179321500751
clock_gettime: 2.29374953933274
epoll_pwait: 0.617613339174601
epoll_pwait: 1.19759220662795
epoll_pwait: 2.28373444931332
futex: 0.62071296439128
futex: 1.20978921974092
futex: 2.29553761195398
gettimeofday: 0.653854421947848
gettimeofday: 1.24209009704765
gettimeofday: 2.33782321733161
getuid32: 0.650184413228153
getuid32: 1.22492734258469
getuid32: 2.31055287581371
ioctl: 0.660072522915147
ioctl: 1.22970961382064
ioctl: 2.33014490306989
mmap2: 0.63459338089698
mmap2: 1.24102503476389
mmap2: 2.38458186777007
mprotect: 0.637886463772311
mprotect: 1.22151519247543
mprotect: 2.32245120343812
prctl: 0.66053329953342
prctl: 1.25333237991708
prctl: 2.38335562689842
read: 0.643773610893594
read: 1.22794188966163
read: 2.31966621391664
write: 0.655398751289858
write: 1.23700528757256
write: 2.33559541166212
